----------------------------------------------------------------------------------------------------------------------------------------
  lc |  z[km]  |  Pressure  | Temp.  |    Air      |   Ozone     |     O2      | Water vap.  |    CO2      |    NO2      |      O4      |
     |         |   [hPa]    |  [K]   |   [cm-3]    |   [cm-3]    |   [cm-3]    |   [cm-3]    |   [cm-3]    |   [cm-3]    | [1.0e+46cm-6]|
 ----------------------------------------------------------------------------------------------------------------------------------------
    0  120.0000     0.00003   360.00   5.11026e+11   2.26651e+02   3.70765e+10   1.05322e+05   1.78990e+07   7.72214e+01   1.37467e-25
    1  115.0000     0.00004   300.00   9.68133e+11   4.29370e+03   9.10672e+10   2.39427e+05   3.87520e+07   1.50164e+02   8.29324e-25
    2  110.0000     0.00007   240.00   2.14269e+12   9.50216e+04   2.57280e+11   6.18173e+05   1.28640e+08   3.40896e+02   6.61930e-24
    3  105.0000     0.00014   208.80   5.02978e+12   8.92246e+05   7.04620e+11   1.76211e+06   5.53630e+08   8.25412e+02   4.96489e-23
    4  100.0000     0.00032   195.10   1.18797e+13   4.21570e+06   1.90240e+12   4.89744e+06   2.31855e+09   2.02130e+03   3.61913e-22
    5   95.0000     0.00076   188.40   2.92176e+13   1.81427e+07   5.26320e+12   1.62592e+07   7.89480e+09   5.14624e+03   2.77013e-21
    6   90.0000     0.00184   186.90   7.13051e+13   4.42772e+07   1.35584e+13   6.24599e+07   2.21216e+10   1.30589e+04   1.83830e-20
    7   85.0000     0.00446   188.90   1.71007e+14   7.58312e+07   3.42200e+13   2.34331e+08   5.47520e+10   3.28512e+04   1.17101e-19
    8   80.0000     0.01050   198.60   3.82932e+14   1.01900e+08   8.00888e+13   8.08922e+08   1.25690e+11   7.74064e+04   6.41421e-19
    9   75.0000     0.02400   208.40   8.34114e+14   1.84969e+08   1.74452e+14   2.42815e+09   2.75451e+11   1.79460e+05   3.04336e-18
   10   70.0000     0.05220   219.60   1.72167e+15   4.58178e+08   3.60107e+14   6.20984e+09   5.68590e+11   3.98013e+05   1.29677e-17
   11   65.0000     0.10900   233.30   3.38395e+15   2.10093e+09   7.07674e+14   1.46441e+10   1.11738e+12   8.56658e+05   5.00802e-17
   12   60.0000     0.21900   247.00   6.42183e+15   6.26558e+09   1.34303e+15   3.14313e+10   2.12058e+12   1.83141e+06   1.80374e-16
   13   55.0000     0.42500   260.80   1.18030e+16   1.88430e+10   2.46829e+15   6.20222e+10   3.89730e+12   4.00359e+06   6.09246e-16
   14   50.0000     0.79780   270.70   2.13460e+16   5.86936e+10   4.46424e+15   1.14925e+11   7.04880e+12   9.46248e+06   1.99294e-15
   15   47.5000     1.09000   270.60   2.91750e+16   1.06119e+11   6.10280e+15   1.57859e+11   9.63600e+12   1.94472e+07   3.72442e-15
   16   45.0000     1.49100   264.20   4.08749e+16   1.90331e+11   8.54810e+15   2.20058e+11   1.34970e+13   4.70350e+07   7.30700e-15
   17   42.5000     2.06000   257.30   5.79881e+16   3.18913e+11   1.21283e+16   3.07742e+11   1.91499e+13   1.25925e+08   1.47095e-14
   18   40.0000     2.87100   250.40   8.30445e+16   5.37714e+11   1.73679e+16   4.29996e+11   2.74230e+13   3.34893e+08   3.01644e-14
   19   37.5000     4.04116   243.43   1.20239e+17   8.55939e+11   2.58742e+16   6.31035e+11   4.08540e+13   7.74988e+08   6.69474e-14
   20   35.0000     5.74600   236.50   1.75973e+17   1.22331e+12   3.68049e+16   8.88552e+11   5.81130e+13   1.28201e+09   1.35460e-13
   21   32.5000     8.25725   229.59   2.60502e+17   1.64953e+12   5.27516e+16   1.25405e+12   8.32920e+13   1.81980e+09   2.78273e-13
   22   30.0000    11.97000   226.50   3.82770e+17   2.22467e+12   8.00470e+16   1.86349e+12   1.26390e+14   2.35928e+09   6.40752e-13
   23   27.5000    17.43000   224.00   5.63587e+17   2.90108e+12   1.17876e+17   2.65704e+12   1.86120e+14   2.71284e+09   1.38948e-12
   24   25.0000    25.49000   221.60   8.33128e+17   3.78214e+12   1.74243e+17   3.79884e+12   2.75121e+14   3.11804e+09   3.03607e-12
   25   24.0000    29.72000   220.60   9.75787e+17   4.00497e+12   2.04088e+17   4.32382e+12   3.22245e+14   2.98809e+09   4.16521e-12
   26   23.0000    34.67000   219.60   1.14349e+18   4.22650e+12   2.39096e+17   4.94769e+12   3.77520e+14   2.95152e+09   5.71669e-12
   27   22.0000    40.47000   218.60   1.34089e+18   4.33826e+12   2.80478e+17   5.61747e+12   4.42860e+14   2.89872e+09   7.86679e-12
   28   21.0000    47.29000   217.60   1.57406e+18   4.22731e+12   3.29175e+17   6.44681e+12   5.19750e+14   2.77200e+09   1.08356e-11
   29   20.0000    55.29000   216.70   1.84799e+18   4.22684e+12   3.86441e+17   7.42555e+12   6.10170e+14   2.57011e+09   1.49337e-11
   30   19.0000    64.67000   216.70   2.16150e+18   3.89207e+12   4.52067e+17   8.57521e+12   7.13790e+14   2.29278e+09   2.04365e-11
   31   18.0000    75.65000   216.70   2.52849e+18   3.55898e+12   5.28770e+17   9.96505e+12   8.34900e+14   1.95063e+09   2.79598e-11
   32   17.0000    88.50000   216.70   2.95799e+18   3.11437e+12   6.18640e+17   1.17349e+13   9.76800e+14   1.53624e+09   3.82715e-11
   33   16.0000   103.50000   216.70   3.45934e+18   2.67008e+12   7.23558e+17   1.40816e+13   1.14246e+15   1.10438e+09   5.23536e-11
   34   15.0000   121.10000   216.70   4.04760e+18   2.33523e+12   8.46450e+17   2.08522e+13   1.33650e+15   6.92550e+08   7.16478e-11
   35   14.0000   141.70000   216.70   4.73612e+18   2.11292e+12   9.90451e+17   2.89234e+13   1.56387e+15   3.54477e+08   9.80993e-11
   36   13.0000   165.80000   216.70   5.54163e+18   1.89067e+12   1.15911e+18   6.19636e+13   1.83018e+15   2.46797e+08   1.34355e-10
   37   12.0000   194.00000   216.70   6.48417e+18   1.78019e+12   1.35620e+18   1.27358e+14   2.14137e+15   2.04404e+08   1.83928e-10
   38   11.0000   227.00000   216.80   7.58365e+18   1.44560e+12   1.58610e+18   2.82345e+14   2.50437e+15   1.98832e+08   2.51572e-10
   39   10.0000   265.00000   223.30   8.59546e+18   1.00113e+12   1.79782e+18   6.19693e+14   2.83866e+15   2.04728e+08   3.23215e-10
   40    9.0000   308.00000   229.70   9.71184e+18   7.89812e+11   2.03127e+18   1.58427e+15   3.20727e+15   2.25481e+08   4.12606e-10
   41    8.0000   356.50000   236.20   1.09318e+19   5.78533e+11   2.28646e+18   4.13100e+15   3.61020e+15   2.51620e+08   5.22790e-10
   42    7.0000   411.10001   242.70   1.22684e+19   5.45226e+11   2.56652e+18   7.23306e+15   4.05240e+15   2.82440e+08   6.58702e-10
   43    6.0000   472.20001   249.20   1.37243e+19   5.00439e+11   2.86957e+18   1.30836e+16   4.53090e+15   3.15790e+08   8.23443e-10
   44    5.0000   540.50000   255.70   1.53101e+19   5.11679e+11   3.20188e+18   2.20385e+16   5.05560e+15   3.52360e+08   1.02520e-09
   45    4.0000   616.59998   262.20   1.70327e+19   5.11579e+11   3.56136e+18   3.78659e+16   5.62320e+15   3.91920e+08   1.26833e-09
   46    3.0000   701.20001   268.70   1.89010e+19   5.56154e+11   3.95219e+18   6.19611e+16   6.24030e+15   4.34930e+08   1.56198e-09
   47    2.7500   723.55780   270.33   1.93875e+19   5.67032e+11   4.05424e+18   7.07987e+16   6.40143e+15   4.46160e+08   1.64532e-09
 ---------------------------------------------------------------------------------------------------------------------------------------
  sum |    nan |        nan |    nan | 1.5e+25cm-2 |  300.000 DU | 3.2e+24cm-2 |  4.000 kg/m2 | 5.1e+21cm-2 | 0.20209 DU  | 7.1e+42cm-5|
 ---------------------------------------------------------------------------------------------------------------------------------------
